-0.016643
-0.147374
-0.239553
-0.293963
-0.314364
-0.306833
-0.279048
-0.239311
-0.195373
-0.153381
-0.117263
-0.088692
-0.067541
-0.052578
-0.042145
-0.03464
-0.028777
-0.023647
-0.018664
-0.013481
-0.007896
-0.001795
0.004896
0.012224
0.02023
0.028942
0.038385
0.048577
0.059526
0.071235
0.083696
0.096889
0.110786
0.125345
0.14051
0.156217
0.172385
0.188922
0.205723
0.222674
0.239647
0.256509
0.273116
0.28932
0.30497
0.319914
0.333999
0.347078
0.35901
0.36966
0.378909
0.386646
0.39278
0.397235
0.399955
0.400901
0.40006
0.397434
0.393051
0.386958
0.37922
0.369923
0.359168
0.347073
0.333767
0.31939
0.304092
0.288025
0.271347
0.254215
0.236784
0.219206
0.201624
0.184177
0.16699
0.150179
0.133847
0.118087
0.102974
0.088573
0.074935
0.062099
0.05009
0.038923
0.028601
0.019118
0.010459
0.002604
-0.004478
-0.010818
-0.016456
-0.02143
-0.025785
-0.029564
-0.032811
-0.035571
-0.037886
-0.039798
-0.041347
-0.042572
-0.043507
-0.044187
-0.04464
-0.044896
-0.04498
-0.044914
-0.04472
-0.044416
-0.044018
-0.04354
-0.042994
-0.042392
-0.041743
-0.041055
-0.040335
-0.039588
-0.038819
-0.038033
-0.037234
-0.036385
-0.035528
-0.034673
-0.033819
-0.032966
-0.032115
-0.031265
-0.030416
-0.029569
-0.028723
-0.027878
-0.027034
-0.026192
-0.025351
-0.024512
-0.023674
-0.022837
-0.022002
-0.021168
-0.020335
-0.019504
-0.018674
-0.017846
-0.017019
-0.016194
-0.01537
-0.014547
-0.013726
-0.012906
-0.012088
-0.011272
-0.010456
-0.009642
-0.00883
-0.008019
-0.007208
-0.006399
-0.00559
-0.004781
-0.003972
-0.00316
-0.002345
-0.001523
-0.000692
0.000152
0.001017
0.00191
0.002844
0.003831
0.004892
0.006051
0.007338
0.00879
0.010452
0.01238
0.014638
0.017298
0.020444
0.024168
0.028569
0.03375
0.039816
0.046866
0.054994
0.064276
0.074766
0.086492
0.099442
0.113563
0.128756
0.144869
0.161696
0.178984
0.196428
0.213687
0.230388
0.246143
0.26056
0.273262
0.283902
0.292179
0.297855
0.300762
0.300815
0.298012
0.292439
0.284262
0.273723
0.261124
0.246816
0.231181
0.214619
0.197525
0.180282
0.163241
0.146713
0.130961
0.116189
0.102539
0.09008
0.078784
0.068501
0.058909
0.049461
0.039347
0.02751
0.012773
-0.005882
-0.028893
-0.055622
-0.083951
-0.110115
-0.128898
-0.134135
-0.119383
-0.078593
-0.006757
0.099278
0.2396
0.409627
0.598585
0.789027
0.958345
1.082615
1.141979
1.126257
1.03709
0.88732
0.697701
0.491798
0.291193
0.112418
-0.034012
-0.143028
-0.21385
-0.248953
-0.253346
-0.233944
-0.198751
-0.155791
-0.111991
-0.072343
-0.03959
-0.014447
0.003815
0.016675
0.025784
0.032594
0.038207
0.043371
0.048551
0.05402
0.059936
0.066391
0.073447
0.081146
0.089524
0.098607
0.108417
0.118969
0.13027
0.142318
0.155102
0.1686
0.182781
0.197599
0.212999
0.22891
0.245252
0.261931
0.278842
0.295869
0.312885
0.329757
0.346343
0.362497
0.378069
0.39291
0.406871
0.419809
0.431584
0.442068
0.451144
0.458705
0.464665
0.468949
0.471504
0.472297
0.471313
0.468559
0.464061
0.457868
0.450044
0.440675
0.42986
0.417716
0.404369
0.389958
0.374628
0.358531
0.341821
0.324652
0.307177
0.289544
0.271898
0.254371
0.237089
0.220168
0.203709
0.187804
0.17253
0.157951
0.14412
0.131075
0.118844
0.107442
0.096875
0.087138
0.078219
0.070097
0.062745
0.056132
0.050221
0.044973
0.040346
0.036298
0.032784
0.029763
0.02719
0.025024
0.023226
0.021758
0.020584
0.01967
0.018987
0.018505
0.018198
0.018044
0.018022
0.018111
0.018297
0.018563
0.018898
0.019289
0.019728
0.020205
0.020713
0.021247
0.021802
0.022372
0.022954
0.023552
0.024191
0.024826
0.025456
0.026082
0.026703
0.02732
0.027932
0.02854
0.029143
0.029742
0.030336
0.030926
0.031512
0.032093
0.03267
0.033242
0.03381
0.034374
0.034933
0.035487
0.036038
0.036584
0.037125
0.037662
0.038195
0.038724
0.039248
0.039768
0.040283
0.040794
0.041301
0.041804
0.042302
0.042797
0.043287
0.043774
0.044257
0.044736
0.045214
0.045689
0.046164
0.04664
0.04712
0.047607
0.048106
0.048623
0.049167
0.049749
0.050384
0.051091
0.051894
0.052823
0.053915
0.055216
0.05678
0.058669
0.060957
0.063724
0.067062
0.071066
0.07584
0.081485
0.0881
0.095777
0.104591
0.114599
0.125827
0.138268
0.151875
0.166553
0.182158
0.198495
0.21532
0.23234
0.249224
0.26561
0.281118
0.295361
0.307967
0.318588
0.326919
0.332712
0.335787
0.336043
0.333459
0.328099
0.32011
0.309709
0.29718
0.282856
0.267106
0.250318
0.232886
0.21519
0.197586
0.180393
0.163886
0.148286
0.133756
0.120389
0.108197
0.097082
0.086799
0.076905
0.066708
0.055264
0.041441
0.024129
0.002586
-0.023091
-0.051525
-0.079767
-0.103322
-0.116507
-0.113041
-0.086708
-0.031981
0.055301
0.176989
0.331252
0.51097
0.702591
0.886429
1.039129
1.138177
1.167252
1.122545
1.01056
0.84608
0.649538
0.44258
0.244275
0.068899
-0.074596
-0.18197
-0.252696
-0.289094
-0.295726
-0.278866
-0.245832
-0.204089
-0.160287
-0.119485
-0.084769
-0.057329
-0.036883
-0.022263
-0.011957
-0.00451
0.001266
0.006236
0.010974
0.015832
0.021021
0.026665
0.03284
0.039597
0.046975
0.055004
0.06371
0.073111
0.083221
0.094047
0.105588
0.117835
0.130769
0.144363
0.158578
0.173366
0.188667
0.204409
0.220511
0.236881
0.253418
0.270008
0.286534
0.302868
0.31888
0.334432
0.349389
0.363611
0.376963
0.389313
0.400535
0.410511
0.419132
0.426303
0.431941
0.435978
0.438363
0.439061
0.438055
0.435348
0.430958
0.424922
0.417297
0.408152
0.397574
0.385662
0.372529
0.358295
0.343093
0.327057
0.310328
0.293049
0.275362
0.257406
0.239319
0.221231
0.203265
0.185537
0.168152
0.151207
0.134785
0.118959
0.103792
0.089333
0.075622
0.062687
0.050546
0.039207
0.02867
0.018926
0.009961
0.001752
-0.005728
-0.012509
-0.018625
-0.024115
-0.029016
-0.033368
-0.037212
-0.040587
-0.043533
-0.046087
-0.048287
-0.050168
-0.051762
-0.053101
-0.054213
-0.055125
-0.055861
-0.056443
-0.056892
-0.057226
-0.05746
-0.057609
-0.057686
-0.057701
-0.057665
-0.057587
-0.057472
-0.057328
-0.05716
-0.056973
-0.05677
-0.056555
-0.056322
-0.056049
-0.055779
-0.055512
-0.055249
-0.054988
-0.054731
-0.054476
-0.054225
-0.053977
-0.053731
-0.053489
-0.053249
-0.053013
-0.052779
-0.052548
-0.05232
-0.052095
-0.051873
-0.051653
-0.051436
-0.051222
-0.051011
-0.050802
-0.050596
-0.050392
-0.050191
-0.049993
-0.049797
-0.049603
-0.049413
-0.049224
-0.049038
-0.048854
-0.048673
-0.048494
-0.048317
-0.048142
-0.047968
-0.047796
-0.047625
-0.047454
-0.047283
-0.04711
-0.046933
-0.046749
-0.046556
-0.046349
-0.046121
-0.045865
-0.045569
-0.04522
-0.044801
-0.044288
-0.043656
-0.042871
-0.041892
-0.040671
-0.039153
-0.037272
-0.034957
-0.032128
-0.028696
-0.024571
-0.019657
-0.013862
-0.007098
0.000716
0.009643
0.019727
0.030984
0.0434
0.056922
0.071458
0.086868
0.102971
0.11954
0.136305
0.152964
0.169185
0.18462
0.198913
0.211717
0.222706
0.231584
0.238106
0.242082
0.243387
0.241969
0.237849
0.231122
0.221951
0.210562
0.197233
0.182283
0.166059
0.14892
0.131227
0.113328
0.095549
0.078181
0.061476
0.045639
0.030823
0.017121
0.004557
-0.006939
-0.017556
-0.027651
-0.037785
-0.048748
-0.061534
-0.077206
-0.096658
-0.120254
-0.147424
-0.176327
-0.203703
-0.225002
-0.234767
-0.227171
-0.196573
-0.138046
-0.047967
0.075145
0.229428
0.408312
0.599539
0.785347
0.944408
1.055501
1.102062
1.075943
0.979814
0.826485
0.63556
0.428986
0.226909
0.04499
-0.106511
-0.222319
-0.301151
-0.344782
-0.357377
-0.344958
-0.314762
-0.274373
-0.230733
-0.189296
-0.153551
-0.125023
-0.103646
-0.088352
-0.077641
-0.070017
-0.064229
-0.059357
-0.054783
-0.050123
-0.045148
-0.039725
-0.033773
-0.027237
-0.020077
-0.012262
-0.003766
0.005432
0.015345
0.025982
0.037341
0.049415
0.062185
0.075625
0.089697
0.104351
0.119529
0.135159
0.151159
0.167437
0.183891
0.200407
0.216867
0.233142
0.2491
0.264603
0.279513
0.293691
0.307
0.319305
0.33048
0.340406
0.348974
0.356087
0.361661
0.36563
0.367941
0.368559
0.36747
0.364675
0.360195
0.354069
0.346353
0.337119
0.326456
0.314465
0.30126
0.286965
0.271711
0.255637
0.238886
0.221599
0.203922
0.185995
0.167955
0.149934
0.132054
0.114432
0.097172
0.08037
0.064108
0.04846
0.033485
0.019233
0.005741
-0.006964
-0.018866
-0.029958
-0.040241
-0.049726
-0.05843
-0.066375
-0.07359
-0.080106
-0.085959
-0.091187
-0.095829
-0.099925
-0.103516
-0.106642
-0.109342
-0.111656
-0.113618
-0.115265
-0.116629
-0.11774
-0.118628
-0.119318
-0.119834
-0.120198
-0.120431
-0.120548
-0.120567
-0.120501
-0.120362
-0.120162
-0.11991
-0.119613
-0.119279
-0.118914
-0.118523
-0.118111
-0.117681
-0.117236
-0.116741
-0.116236
-0.115732
-0.115227
-0.114722
-0.114217
-0.113712
-0.113206
-0.112701
-0.112195
-0.111689
-0.111182
-0.110676
-0.110169
-0.109662
-0.109155
-0.108647
-0.108139
-0.10763
-0.107122
-0.106613
-0.106104
-0.105594
-0.105084
-0.104574
-0.104063
-0.103552
-0.10304
-0.102528
-0.102016
-0.101503
-0.10099
-0.100476
-0.099961
-0.099446
-0.098931
-0.098415
-0.097897
-0.097379
-0.096859
-0.096336
-0.095811
-0.095282
-0.094747
-0.094205
-0.093651
-0.093083
-0.092494
-0.091878
-0.091225
-0.090521
-0.089752
-0.088896
-0.087929
-0.086819
-0.085528
-0.084011
-0.082215
-0.080078
-0.077529
-0.07449
-0.070876
-0.066596
-0.061554
-0.055656
-0.04881
-0.040932
-0.031953
-0.021821
-0.01051
0.001976
0.015597
0.030271
0.045873
0.062232
0.079132
0.096312
0.113477
0.130298
0.146427
0.161507
0.175182
0.187117
0.197005
0.204584
0.209647
0.212052
0.211728
0.208681
0.202988
0.194799
0.184331
0.171853
0.157679
0.142155
0.125642
0.108506
0.0911
0.073759
0.056783
0.040435
0.024928
0.010428
-0.002962
-0.015206
-0.026358
-0.03659
-0.046235
-0.055829
-0.066141
-0.07815
-0.092932
-0.111428
-0.134083
-0.160444
-0.188796
-0.215987
-0.237534
-0.24799
-0.241483
-0.212285
-0.155348
-0.066898
0.05473
0.207904
0.386289
0.577817
0.764788
0.925765
1.039246
1.088291
1.062529
0.964018
0.807074
0.613392
0.406774
0.208411
0.034082
-0.106538
-0.209132
-0.273546
-0.302785
-0.302317
-0.279415
-0.242264
-0.198839
-0.155794
-0.117701
-0.086851
-0.063584
-0.04693
-0.035308
-0.027072
-0.020834
-0.015574
-0.010617
-0.005552
-0.00014
0.005756
0.012218
0.019301
0.027047
0.035487
0.044648
0.05455
0.065205
0.076617
0.088783
0.101686
0.115303
0.129596
0.144515
0.16
0.175977
0.192357
0.209043
0.225923
0.242877
0.259773
0.276473
0.292831
0.308699
0.323925
0.338357
0.351847
0.364251
0.375434
0.385269
0.393643
0.400457
0.405628
0.409091
0.410802
0.410735
0.408885
0.40527
0.399925
0.39291
0.384299
0.374186
0.362681
0.349907
0.335998
0.321099
0.305359
0.288935
0.271982
0.254655
0.237108
0.219486
0.201931
0.184574
0.167534
0.15092
0.134831
0.119349
0.104546
0.090478
0.07719
0.064715
0.053073
0.042273
0.032313
0.023185
0.014869
0.007342
0.000572
-0.005475
-0.010838
-0.01556
-0.019682
-0.023249
-0.026304
-0.028892
-0.031054
-0.032831
-0.034263
-0.035385
-0.036233
-0.036837
-0.037229
-0.037433
-0.037475
-0.037377
-0.037158
-0.036835
-0.036424
-0.035938
-0.03539
-0.034788
-0.034143
-0.033461
-0.03275
-0.032013
-0.031257
-0.030485
-0.029691
-0.028853
-0.028015
-0.027179
-0.026344
-0.025511
-0.024679
-0.023848
-0.023018
-0.022189
-0.021362
-0.020536
-0.019712
-0.018889
-0.018067
-0.017247
-0.016427
-0.01561
-0.014793
-0.013978
-0.013165
-0.012353
-0.011542
-0.010732
-0.009925
-0.009118
-0.008313
-0.007509
-0.006707
-0.005907
-0.005107
-0.00431
-0.003513
-0.002718
-0.001925
-0.001132
-0.000341
0.00045
0.00124
0.00203
0.002822
0.003615
0.004413
0.005217
0.006032
0.006861
0.007712
0.008593
0.009516
0.010497
0.011554
0.012714
0.014007
0.015471
0.017154
0.019111
0.021407
0.024116
0.027323
0.03112
0.035606
0.040884
0.047057
0.054225
0.062478
0.071889
0.082509
0.094361
0.107429
0.121656
0.136937
0.153114
0.169981
0.187277
0.204698
0.2219
0.238512
0.254147
0.268416
0.280946
0.291397
0.299473
0.304942
0.307643
0.307496
0.304507
0.298763
0.290436
0.279768
0.267063
0.25267
0.23697
0.220361
0.203236
0.185972
0.16892
0.152385
0.136628
0.121852
0.108196
0.095726
0.084416
0.074115
0.064502
0.055037
0.044914
0.033085
0.018382
-0.000213
-0.023149
-0.049822
-0.078169
-0.104495
-0.123658
-0.129556
-0.115787
-0.076313
-0.006095
0.09811
0.236587
0.405084
0.593291
0.784263
0.955784
1.084012
1.148742
1.139012
1.055481
0.910089
0.722993
0.517586
0.315663
0.134201
-0.015776
-0.128741
-0.203536
-0.24232
-0.249829
-0.232764
-0.19901
-0.156602
-0.11261
-0.072262
-0.038563
-0.012457
0.006633
0.020116
0.029635
0.036676
0.042388
0.047562
0.052697
0.058087
0.063903
0.070246
0.077178
0.084746
0.092984
0.101922
0.111582
0.121978
0.133121
0.145009
0.157634
0.170977
0.185006
0.19968
0.214946
0.230737
0.246974
0.263568
0.280415
0.297403
0.314409
0.331299
0.347937
0.364175
0.379869
0.394866
0.409021
0.422188
0.434228
0.445011
0.454417
0.462337
0.46868
0.47337
0.476348
0.477575
0.477033
0.474721
0.470662
0.464898
0.457488
0.448513
0.438067
0.426261
0.413219
0.399076
0.383974
0.368062
0.351494
0.334422
0.317
0.299376
0.281695
0.264093
0.246698
0.229626
0.212985
0.196868
0.181357
0.16652
0.152412
0.139077
0.126545
0.114837
0.10396
0.093914
0.084689
0.076266
0.068621
0.061725
0.055543
0.050036
0.045164
0.040886
0.037156
0.033933
0.031174
0.028836
0.02688
0.025267
0.023961
0.022927
0.022135
0.021555
0.02116
0.020925
0.02083
0.020855
0.020982
0.021195
0.021481
0.021829
0.022228
0.022668
0.023143
0.023646
0.024171
0.024714
0.02527
0.025836
0.026448
0.027063
0.027674
0.028281
0.028883
0.029481
0.030075
0.030663
0.031248
0.031828
0.032404
0.032975
0.033542
0.034104
0.034662
0.035215
0.035765
0.036309
0.03685
0.037386
0.037917
0.038445
0.038968
0.039486
0.04
0.04051
0.041016
0.041517
0.042014
0.042507
0.042995
0.043479
0.043959
0.044435
0.044906
0.045374
0.045838
0.046299
0.046757
0.047212
0.047667
0.048121
0.048578
0.04904
0.049511
0.049996
0.050502
0.05104
0.051621
0.052262
0.052983
0.053812
0.054781
0.05593
0.057306
0.058968
0.060982
0.063423
0.066376
0.069933
0.074193
0.079259
0.08523
0.092203
0.100264
0.109483
0.119904
0.131544
0.144382
0.158354
0.173349
0.189209
0.20572
0.222624
0.239615
0.256354
0.272472
0.287589
0.301322
0.313308
0.323212
0.330748
0.33569
0.337883
0.337248
0.333793
0.327607
0.318855
0.307777
0.294668
0.279874
0.263767
0.246738
0.229174
0.211448
0.193905
0.176852
0.160548
0.145198
0.130945
0.117865
0.105943
0.095049
0.084894
0.074981
0.064559
0.052631
0.038055
0.019776
-0.002791
-0.029293
-0.058017
-0.08567
-0.10748
-0.117609
-0.109771
-0.077882
-0.016672
0.077607
0.20617
0.36626
0.549581
0.741376
0.921101
1.065299
1.152339
1.167666
1.109503
0.986242
0.814046
0.613901
0.407209
0.212245
0.042276
-0.094698
-0.19521
-0.259321
-0.289807
-0.291587
-0.271185
-0.236014
-0.193455
-0.149909
-0.110083
-0.076695
-0.050623
-0.031377
-0.01769
-0.008037
-0.001001
0.004547
0.009414
0.014126
0.019006
0.024245
0.029955
0.036206
0.043048
0.050516
0.05864
0.067444
0.076947
0.087161
0.09809
0.109734
0.12208
0.13511
0.148794
0.16309
0.17795
0.19331
0.209098
0.225231
0.241615
0.258145
0.27471
0.291188
0.307452
0.32337
0.338805
0.35362
0.367677
0.380841
0.392982
0.403973
0.413699
0.422053
0.428943
0.434287
0.438021
0.440095
0.440479
0.43916
0.43614
0.431445
0.425112
0.417201
0.407785
0.396952
0.384804
0.371455
0.357028
0.341654
0.325472
0.30862
0.291243
0.273481
0.255474
0.237358
0.219263
0.20131
0.183613
0.166276
0.149393
0.133046
0.117307
0.102236
0.08788
0.074277
0.061453
0.049426
0.038201
0.027776
0.018144
0.009286
0.00118
-0.006201
-0.012888
-0.018917
-0.024326
-0.029152
-0.033436
-0.037217
-0.040537
-0.043433
-0.045945
-0.048107
-0.049956
-0.051523
-0.052839
-0.053932
-0.05483
-0.055555
-0.05613
-0.056575
-0.056906
-0.05714
-0.057292
-0.057372
-0.057393
-0.057364
-0.057293
-0.057188
-0.057053
-0.056895
-0.056719
-0.056527
-0.056323
-0.05607
-0.05581
-0.055554
-0.0553
-0.05505
-0.054802
-0.054558
-0.054316
-0.054077
-0.053841
-0.053608
-0.053378
-0.053151
-0.052926
-0.052704
-0.052485
-0.052269
-0.052055
-0.051844
-0.051635
-0.05143
-0.051226
-0.051026
-0.050828
-0.050632
-0.050439
-0.050248
-0.05006
-0.049874
-0.049691
-0.04951
-0.049331
-0.049154
-0.04898
-0.048808
-0.048638
-0.04847
-0.048304
-0.048139
-0.047975
-0.047813
-0.04765
-0.047486
-0.04732
-0.04715
-0.046973
-0.046786
-0.046584
-0.04636
-0.046106
-0.04581
-0.04546
-0.045035
-0.044515
-0.04387
-0.043066
-0.042063
-0.04081
-0.039252
-0.037322
-0.034946
-0.032045
-0.028528
-0.024306
-0.019282
-0.013365
-0.006466
0.001491
0.010569
0.020807
0.032218
0.044783
0.058445
0.073103
0.088614
0.10479
0.121397
0.138162
0.154778
0.170911
0.18621
0.200322
0.2129
0.223622
0.232199
0.238392
0.242019
0.242965
0.241187
0.236716
0.229657
0.22018
0.20852
0.19496
0.179823
0.163458
0.146226
0.128485
0.110583
0.092839
0.075541
0.058935
0.04322
0.02854
0.014983
0.002559
-0.008813
-0.019342
-0.029406
-0.039596
-0.050731
-0.063819
-0.079921
-0.099884
-0.123978
-0.151491
-0.18041
-0.207305
-0.22749
-0.235436
-0.225313
-0.191541
-0.129321
-0.035241
0.091843
0.249568
0.430717
0.622331
0.806084
0.960452
1.064538
1.102642
1.067149
0.961897
0.801286
0.606147
0.398986
0.199813
0.023648
-0.120114
-0.227069
-0.296727
-0.331591
-0.33651
-0.318101
-0.284012
-0.241939
-0.198601
-0.15895
-0.125839
-0.100174
-0.081424
-0.068253
-0.059076
-0.052445
-0.04722
-0.042602
-0.038077
-0.033336
-0.028199
-0.022561
-0.016353
-0.009529
-0.002053
0.006104
0.014965
0.024547
0.034861
0.04591
0.057689
0.070182
0.083366
0.097204
0.11165
0.126647
0.142124
0.158
0.174184
0.190571
0.207049
0.223495
0.239781
0.25577
0.271322
0.286294
0.300543
0.313928
0.32631
0.337559
0.347551
0.356173
0.363325
0.36892
0.372888
0.375176
0.375748
0.374588
0.371699
0.367102
0.36084
0.352969
0.343568
0.332726
0.320551
0.307161
0.292683
0.277256
0.261021
0.244126
0.226717
0.208943
0.190947
0.17287
0.154843
0.136993
0.119435
0.102273
0.085603
0.069506
0.054053
0.039301
0.025297
0.012075
-0.000342
-0.011941
-0.022719
-0.03268
-0.04184
-0.050218
-0.05784
-0.064737
-0.070944
-0.076498
-0.081441
-0.085811
-0.089652
-0.093004
-0.095909
-0.098406
-0.100534
-0.102329
-0.103825
-0.105056
-0.10605
-0.106836
-0.107439
-0.107882
-0.108186
-0.108369
-0.108448
-0.108438
-0.108352
-0.108201
-0.107995
-0.107743
-0.107452
-0.107128
-0.106778
-0.106405
-0.106014
-0.105607
-0.105149
-0.104681
-0.104213
-0.103744
-0.103276
-0.102806
-0.102337
-0.101867
-0.101397
-0.100926
-0.100455
-0.099983
-0.099512
-0.099039
-0.098566
-0.098093
-0.097619
-0.097145
-0.09667
-0.096195
-0.095719
-0.095243
-0.094766
-0.094289
-0.093811
-0.093333
-0.092854
-0.092374
-0.091894
-0.091414
-0.090932
-0.09045
-0.089968
-0.089484
-0.089
-0.088515
-0.088029
-0.087542
-0.087054
-0.086563
-0.086069
-0.085572
-0.08507
-0.084562
-0.084043
-0.083511
-0.082961
-0.082386
-0.081777
-0.081123
-0.080408
-0.079613
-0.078714
-0.07768
-0.076476
-0.075057
-0.07337
-0.071354
-0.068939
-0.066046
-0.06259
-0.058477
-0.05361
-0.047892
-0.041227
-0.033528
-0.02472
-0.014747
-0.003579
0.008782
0.0223
0.036893
0.052436
0.068755
0.085629
0.102792
0.119938
0.13673
0.152811
0.167811
0.181367
0.193135
0.202802
0.210105
0.214836
0.216859
0.216111
0.212608
0.206444
0.197785
0.186864
0.17397
0.159434
0.143616
0.126889
0.109628
0.092192
0.074916
0.058096
0.041989
0.026797
0.01267
-0.00031
-0.012137
-0.022912
-0.032871
-0.042439
-0.052269
-0.063257
-0.076476
-0.093004
-0.113608
-0.138335
-0.166083
-0.19431
-0.218998
-0.234922
-0.23616
-0.216692
-0.170983
-0.094568
0.015193
0.157988
0.329112
0.518152
0.708619
0.879313
1.007689
1.074592
1.068906
0.988063
0.842988
0.655048
0.449131
0.248208
0.069819
-0.075036
-0.181242
-0.248279
-0.279084
-0.279279
-0.256438
-0.219128
-0.175672
-0.13294
-0.095547
-0.06568
-0.043495
-0.02785
-0.017046
-0.009396
-0.003522
0.001551
0.006451
0.011547
0.017052
0.023085
0.029722
0.037013
0.044997
0.053705
0.063162
0.073385
0.084383
0.096157
0.108695
0.121976
0.135967
0.150622
0.165881
0.18167
0.197903
0.21448
0.231289
0.248204
0.265092
0.281808
0.298201
0.314116
0.329394
0.343877
0.357407
0.369835
0.381018
0.390822
0.399131
0.405839
0.410862
0.414133
0.415606
0.415258
0.413087
0.409114
0.403383
0.395956
0.386919
0.376373
0.364438
0.351247
0.336943
0.321681
0.30562
0.288923
0.271754
0.254274
0.236641
0.219005
0.201508
0.184281
0.167445
0.151105
0.135355
0.120275
0.105928
0.092366
0.079627
0.067735
0.056702
0.04653
0.03721
0.028725
0.02105
0.014154
0.007999
0.002547
-0.002246
-0.006425
-0.010037
-0.013126
-0.015739
-0.01792
-0.01971
-0.021152
-0.022282
-0.023136
-0.023748
-0.024147
-0.024361
-0.024415
-0.02433
-0.024128
-0.023824
-0.023436
-0.022975
-0.022454
-0.021883
-0.02127
-0.020623
-0.019948
-0.01925
-0.018534
-0.017803
-0.017022
-0.016233
-0.015444
-0.014657
-0.013871
-0.013086
-0.012302
-0.01152
-0.010738
-0.009957
-0.009178
-0.0084
-0.007623
-0.006847
-0.006072
-0.005298
-0.004525
-0.003754
-0.002984
-0.002215
-0.001447
-0.000681
0.000084
0.000848
0.001611
0.002373
0.003133
0.003892
0.00465
0.005406
0.006161
0.006915
0.007668
0.00842
0.00917
0.00992
0.01067
0.011419
0.01217
0.012922
0.013678
0.014439
0.015209
0.015992
0.016795
0.017626
0.018495
0.019418
0.020414
0.021507
0.022728
0.024116
0.025717
0.027589
0.029798
0.03242
0.035542
0.039261
0.04368
0.048906
0.055048
0.06221
0.070486
0.079953
0.090661
0.102631
0.115842
0.130226
0.145665
0.161985
0.178956
0.196295
0.213672
0.230717
0.247034
0.262216
0.27586
0.287585
0.297053
0.30398
0.308154
0.309446
0.307816
0.303314
0.29608
0.286336
0.274375
0.260546
0.245238
0.228863
0.211835
0.194557
0.177404
0.160709
0.144756
0.129769
0.115909
0.103257
0.0918
0.081395
0.071725
0.062237
0.052101
0.040221
0.025376
0.006514
-0.016786
-0.043784
-0.072143
-0.097789
-0.115152
-0.117738
-0.098867
-0.052385
0.026612
0.140834
0.289381
0.465958
0.657417
0.843754
1.000503
1.103564
1.135179
1.089481
0.973179
0.803483
0.603738
0.397892
0.206081
0.04241
-0.085176
-0.17386
-0.224724
-0.241831
-0.231549
-0.201796
-0.160992
-0.116858
-0.075358
-0.040151
-0.01263
0.007554
0.021763
0.0317
0.038945
0.044732
0.049916
0.055036
0.060407
0.06621
0.072549
0.079492
0.087084
0.095363
0.104357
0.11409
0.124576
0.135825
0.147834
0.160593
0.174078
0.188258
0.203084
0.218499
0.234431
0.250793
0.267488
0.284407
0.301427
0.318418
0.335238
0.351742
0.367777
0.383188
0.39782
0.411522
0.424145
0.435549
0.445603
0.45419
0.461207
0.466567
0.470201
0.472063
0.472125
0.470381
0.466846
0.461558
0.454575
0.445973
0.435849
0.424315
0.411495
0.397529
0.382563
0.366753
0.350255
0.33323
0.315837
0.298231
0.280562
0.262972
0.245593
0.228548
0.211945
0.195883
0.180444
0.165698
0.151701
0.138498
0.126117
0.114576
0.103884
0.094036
0.08502
0.076816
0.069397
0.06273
0.056778
0.0515
0.046854
0.042794
0.039277
0.036258
0.033691
0.031535
0.029749
0.028294
0.027133
0.026232
0.02556
0.025088
0.02479
0.024642
0.024623
0.024714
0.024898
0.02516
0.025489
0.025872
0.0263
0.026765
0.02726
0.027778
0.028316
0.028868
0.029431
0.03004
0.030654
0.031263
0.031868
0.032469
0.033065
0.033657
0.034244
0.034827
0.035406
0.035981
0.036551
0.037117
0.037678
0.038235
0.038788
0.039337
0.039881
0.040421
0.040956
0.041487
0.042014
0.042537
0.043055
0.043569
0.044079
0.044585
0.045086
0.045583
0.046076
0.046565
0.047049
0.047529
0.048006
0.048478
0.048947
0.049412
0.049874
0.050334
0.050792
0.051251
0.05171
0.052175
0.052647
0.053132
0.053638
0.054173
0.054751
0.055386
0.056101
0.056922
0.057882
0.059021
0.06039
0.062048
0.064063
0.066513
0.069487
0.073081
0.077399
0.082545
0.088625
0.095737
0.103971
0.113393
0.124048
0.135946
0.149055
0.1633
0.178554
0.194636
0.211312
0.228298
0.245263
0.261843
0.27765
0.292284
0.305354
0.316493
0.325373
0.331724
0.335343
0.336109
0.333986
0.329026
0.321367
0.311226
0.298889
0.284695
0.269024
0.252276
0.234857
0.217161
0.199556
0.182373
0.165893
0.150343
0.135888
0.122618
0.110538
0.099532
0.089324
0.079424
0.069076
0.057261
0.042796
0.024576
0.001986
-0.024596
-0.053349
-0.080776
-0.101829
-0.110375
-0.099873
-0.064069
0.002335
0.102889
0.238219
0.404411
0.59139
0.782222
0.954395
1.083525
1.148811
1.140797
1.060645
0.919154
0.73499
0.530258
0.326057
0.13934
-0.018391
-0.140872
-0.226121
-0.275429
-0.29263
-0.28355
-0.25539
-0.21583
-0.17206
-0.12988
-0.09308
-0.06345
-0.0411
-0.02503
-0.01374
-0.00569
0.000396
0.005497
0.010256
0.015076
0.020197
0.02576
0.031849
0.03852
0.045813
0.053762
0.062392
0.071724
0.081773
0.092546
0.104043
0.116255
0.129164
0.142743
0.156953
0.171744
0.187055
0.202813
0.218936
0.235329
0.251886
0.268494
0.28503
0.301364
0.317362
0.332884
0.34779
0.361937
0.375189
0.387409
0.39847
0.408254
0.41665
0.423563
0.428911
0.432629
0.434665
0.43499
0.43359
0.430472
0.42566
0.419197
0.411144
0.401578
0.390591
0.37829
0.364792
0.350226
0.334726
0.318435
0.301496
0.284056
0.266259
0.248248
0.230159
0.212124
0.194265
0.176696
0.159521
0.142831
0.126707
0.11122
0.096425
0.082369
0.069084
0.056596
0.044915
0.034047
0.023985
0.014716
0.006222
-0.00152
-0.00855
-0.01489
-0.02059
-0.02567
-0.03019
-0.03419
-0.03769
-0.04076
-0.04341
-0.0457
-0.04766
-0.04931
-0.05071
-0.05186
-0.05281
-0.05358
-0.05419
-0.05466
-0.05501
-0.05525
-0.05541
-0.0555
-0.05552
-0.05549
-0.05541
-0.0553
-0.05516
-0.05499
-0.0548
-0.0546
-0.05439
-0.05415
-0.05388
-0.05361
-0.05334
-0.05308
-0.05282
-0.05256
-0.05231
-0.05206
-0.05181
-0.05156
-0.05132
-0.05108
-0.05085
-0.05061
-0.05038
-0.05016
-0.04993
-0.04971
-0.04949
-0.04927
-0.04906
-0.04885
-0.04864
-0.04844
-0.04823
-0.04803
-0.04784
-0.04764
-0.04745
-0.04726
-0.04707
-0.04689
-0.04671
-0.04653
-0.04635
-0.04617
-0.046
-0.04583
-0.04566
-0.04549
-0.04532
-0.04515
-0.04497
-0.04479
-0.04461
-0.04441
-0.04419
-0.04395
-0.04367
-0.04335
-0.04297
-0.0425
-0.04192
-0.04119
-0.04029
-0.03917
-0.03776
-0.03601
-0.03385
-0.03119
-0.02795
-0.02404
-0.01936
-0.01381
-0.0073
0.000245
0.008907
0.018732
0.029743
0.041932
0.055254
0.069622
0.084903
0.100917
0.117438
0.134199
0.150893
0.167183
0.182714
0.197124
0.210054
0.22117
0.230167
0.236791
0.240844
0.242198
0.240797
0.236664
0.229895
0.220658
0.209187
0.195769
0.18073
0.164427
0.147229
0.129504
0.111605
0.093863
0.076572
0.059982
0.044297
0.029664
0.016167
0.003814
-0.00748
-0.01796
-0.02801
-0.03826
-0.04959
-0.06304
-0.07968
-0.10032
-0.12509
-0.15307
-0.18191
-0.20784
-0.22584
-0.23014
-0.21477
-0.17418
-0.10373
-0.00046
0.135931
0.301738
0.487837
0.679121
0.855437
0.994473
1.076183
1.087462
1.025187
0.897495
0.721642
0.519589
0.313296
0.121102
-0.04405
-0.17472
-0.26804
-0.32469
-0.34809
-0.34377
-0.31881
-0.28098
-0.23773
-0.19519
-0.1576
-0.12705
-0.1039
-0.08724
-0.07561
-0.06743
-0.06136
-0.05638
-0.05181
-0.0472
-0.0423
-0.03696
-0.0311
-0.02465
-0.01757
-0.00983
-0.00141
0.007725
0.017587
0.028181
0.039509
0.05156
0.064319
0.077756
0.091832
0.106498
0.121692
0.13734
0.153358
0.169649
0.186108
0.202618
0.219056
0.235289
0.251181
0.26659
0.281374
0.29539
0.308498
0.320562
0.331453
0.341051
0.349247
0.355946
0.361065
0.36454
0.366323
0.366385
0.364714
0.361321
0.356233
0.349495
0.341173
0.331347
0.320112
0.30758
0.293871
0.279115
0.263453
0.247027
0.229985
0.212473
0.194639
0.176625
0.158569
0.140601
0.122844
0.105409
0.088399
0.071905
0.056005
0.040765
0.026241
0.012474
-0.0005
-0.01267
-0.02402
-0.03455
-0.04427
-0.05319
-0.06134
-0.06874
-0.07543
-0.08144
-0.0868
-0.09157
-0.09578
-0.09947
-0.10268
-0.10546
-0.10784
-0.10986
-0.11155
-0.11296
-0.11412
-0.11504
-0.11576
-0.11631
-0.1167
-0.11696
-0.1171
-0.11714
-0.1171
-0.11698
-0.1168
-0.11657
-0.1163
-0.11599
-0.11565
-0.11528
-0.11489
-0.11449
-0.11407
-0.1136
-0.11312
-0.11264
-0.11216
-0.11168
-0.11121
-0.11073
-0.11025
-0.10977
-0.10929
-0.10881
-0.10833
-0.10785
-0.10737
-0.10689
-0.10641
-0.10593
-0.10544
-0.10496
-0.10448
-0.104
-0.10351
-0.10303
-0.10255
-0.10206
-0.10158
-0.10109
-0.10061
-0.10012
-0.09963
-0.09915
-0.09866
-0.09817
-0.09768
-0.0972
-0.09671
-0.09621
-0.09572
-0.09523
-0.09473
-0.09424
-0.09373
-0.09323
-0.09271
-0.09219
-0.09165
-0.09109
-0.09051
-0.08989
-0.08922
-0.08848
-0.08767
-0.08674
-0.08568
-0.08443
-0.08296
-0.08121
-0.07913
-0.07662
-0.07363
-0.07005
-0.0658
-0.06078
-0.0549
-0.04804
-0.04014
-0.03113
-0.02094
-0.00955
0.003021
0.01674
0.031514
0.047209
0.063644
0.080589
0.097772
0.114882
0.131578
0.147499
0.162278
0.175555
0.186988
0.196276
0.203161
0.20745
0.209018
0.207814
0.203869
0.197286
0.188245
0.176987
0.163808
0.149044
0.133057
0.116221
0.098909
0.081476
0.064251
0.047524
0.031543
0.016503
0.002544
-0.01026
-0.02192
-0.03256
-0.04243
-0.05199
-0.06193
-0.07317
-0.08679
-0.10386
-0.12506
-0.15031
-0.17831
-0.20632
-0.23014
-0.24443
-0.24323
-0.22057
-0.17102
-0.09032
0.023848
0.170689
0.344831
0.535092
0.724293
0.89088
1.012501
1.070805
1.054276
0.963717
0.812383
0.621562
0.41526
0.215281
0.038139
-0.10583
-0.21184
-0.27939
-0.31128
-0.31284
-0.29129
-0.25484
-0.21159
-0.16836
-0.12989
-0.09862
-0.07498
-0.05805
-0.04624
-0.03789
-0.03159
-0.02629
-0.02132
-0.01624
-0.01082
-0.00492
0.001549
0.008644
0.016404
0.024863
0.034045
0.04397
0.054652
0.066095
0.078293
0.091233
0.104887
0.119219
0.134179
0.149703
0.165718
0.182134
0.198851
0.215757
0.232729
0.249635
0.266334
0.282681
0.298523
0.313709
0.328085
0.341503
0.353818
0.364894
0.374606
0.382839
0.389497
0.394497
0.397777
0.399293
0.399022
0.396962
0.393134
0.387576
0.38035
0.371534
0.361226
0.349538
0.336595
0.322536
0.307506
0.291659
0.27515
0.258137
0.240778
0.223223
0.205621
0.188112
0.170824
0.153878
0.137381
0.121428
0.106101
0.091468
0.077585
0.064492
0.052222
0.040789
0.030203
0.020459
0.011546
0.003443
-0.00387
-0.01044
-0.01629
-0.02146
-0.02601
-0.02996
-0.03337
-0.03627
-0.03872
-0.04075
-0.04241
-0.04374
-0.04476
-0.04551
-0.04604
-0.04635
-0.04649
-0.04647
-0.04632
-0.04605
-0.04568
-0.04523
-0.04471
-0.04412
-0.04349
-0.04282
-0.04211
-0.04137
-0.04062
-0.03984
-0.03905
-0.0382
-0.03735
-0.0365
-0.03565
-0.0348
-0.03395
-0.0331
-0.03226
-0.03141
-0.03057
-0.02973
-0.02889
-0.02805
-0.02721
-0.02637
-0.02553
-0.0247
-0.02387
-0.02304
-0.02221
-0.02138
-0.02055
-0.01972
-0.0189
-0.01807
-0.01725
-0.01643
-0.01561
-0.01479
-0.01398
-0.01316
-0.01235
-0.01153
-0.01072
-0.00991
-0.0091
-0.00829
-0.00749
-0.00668
-0.00587
-0.00506
-0.00425
-0.00343
-0.0026
-0.00176
-0.0009
-0.00002
0.0009
0.001872
0.002912
0.004043
0.005294
0.006701
0.008306
0.010162
0.012331
0.014883
0.017901
0.021473
0.025697
0.030676
0.036515
0.043315
0.051172
0.060166
0.07036
0.081785
0.094442
0.108289
0.123237
0.139146
0.155825
0.17303
0.190468
0.207807
0.224678
0.240695
0.255465
0.268607
0.279764
0.288623
0.294928
0.298496
0.299219
0.297078
0.292138
0.284547
0.274531
0.262379
0.248433
0.23307
0.216687
0.199684
0.182446
0.165334
0.148669
0.132725
0.117722
0.103817
0.091094
0.079551
0.069068
0.059365
0.049949
0.040069
0.028713
0.014713
-0.00301
-0.02508
-0.05113
-0.07937
-0.10639
-0.12726
-0.13594
-0.12599
-0.09121
-0.02631
0.072343
0.205622
0.370065
0.556282
0.748161
0.923905
1.05942
1.133513
1.133279
1.05884
0.921168
0.739056
0.53515
0.331228
0.144819
-0.01221
-0.13346
-0.21697
-0.26416
-0.27909
-0.26786
-0.23792
-0.19717
-0.1529
-0.11082
-0.07458
-0.04571
-0.0241
-0.0086
0.002367
0.010343
0.016587
0.02201
0.027209
0.032549
0.038243
0.044415
0.051141
0.058473
0.066449
0.075101
0.084453
0.094524
0.105327
0.116866
0.129138
0.14213
0.155819
0.170171
0.185142
0.200674
0.216699
0.233138
0.249897
0.266875
0.283958
0.301023
0.31794
0.334573
0.35078
0.366415
0.381334
0.395394
0.408454
0.42038
0.431047
0.440338
0.448152
0.4544
0.459009
0.461924
0.46311
0.462548
0.460241
0.45621
0.450497
0.44316
0.434278
0.423942
0.41226
0.399353
0.38535
0.37039
0.354619
0.338184
0.321236
0.303924
0.286393
0.268785
0.251233
0.233864
0.216794
0.200129
0.183962
0.168376
0.15344
0.139212
0.125737
0.113048
0.101167
0.090105
0.079865
0.07044
0.061814
0.053966
0.046868
0.040489
0.034792
0.029739
0.025289
0.0214
0.01803
0.015138
0.012681
0.010621
0.008917
0.007535
0.00644
0.005599
0.004983
0.004564
0.004318
0.004222
0.004254
0.004398
0.004637
0.004956
0.005343
0.005787
0.006278
0.006808
0.007369
0.007956
0.008564
0.009187
0.009823
0.010477
0.011173
0.011864
0.012551
0.013232
0.01391
0.014582
0.01525
0.015914
0.016573
0.017227
0.017876
0.018521
0.019161
0.019797
0.020428
0.021055
0.021677
0.022294
0.022907
0.023515
0.024119
0.024718
0.025312
0.025902
0.026488
0.027069
0.027645
0.028217
0.028784
0.029347
0.029906
0.03046
0.031009
0.031555
0.032096
0.032633
0.033166
0.033695
0.034221
0.034744
0.035266
0.035787
0.036309
0.036834
0.037367
0.037912
0.038474
0.039062
0.039688
0.040364
0.041111
0.04195
0.042911
0.044029
0.045346
0.046915
0.048795
0.051055
0.053772
0.057033
0.060931
0.065563
0.071028
0.077424
0.084841
0.093358
0.103034
0.113906
0.125978
0.139216
0.153547
0.168848
0.184951
0.201636
0.21864
0.235656
0.252347
0.268351
0.283295
0.296809
0.308542
0.318176
0.325439
0.330118
0.332071
0.331231
0.327612
0.321305
0.312477
0.301365
0.288259
0.273495
0.257437
0.240465
0.222957
0.205278
0.187764
0.170716
0.15439
0.138991
0.124664
0.111491
0.099469
0.088488
0.078295
0.068439
0.058234
0.046751
0.03289
0.015578
-0.00589
-0.03145
-0.05979
-0.08811
-0.11213
-0.12642
-0.12492
-0.10157
-0.0509
0.031324
0.147329
0.29604
0.471605
0.662171
0.849814
1.012394
1.127412
1.177001
1.154569
1.063286
0.914787
0.727355
0.521901
0.318087
0.131662
-0.02662
-0.15081
-0.23888
-0.29185
-0.31309
-0.30786
-0.28278
-0.24507
-0.20169
-0.15849
-0.11963
-0.08736
-0.06228
-0.04376
-0.03053
-0.0211
-0.01414
-0.00857
-0.00365
0.001124
0.006071
0.011369
0.017125
0.023409
0.030269
0.03774
0.045852
0.054627
0.064085
0.074237
0.085091
0.096645
0.108891
0.121811
0.135381
0.149562
0.16431
0.179568
0.19527
0.211338
0.227685
0.244216
0.260824
0.277397
0.293814
0.309951
0.325676
0.34086
0.355368
0.369069
0.381834
0.39354
0.40407
0.413315
0.421178
0.427574
0.432429
0.435686
0.437304
0.437258
0.435539
0.432156
0.427134
0.420518
0.412364
0.402748
0.391755
0.379487
0.366053
0.351574
0.336177
0.319993
0.30316
0.285813
0.26809
0.250125
0.232048
0.213986
0.196055
0.178366
0.16102
0.14411
0.127714
0.111905
0.096741
0.082272
0.068535
0.055558
0.043359
0.031948
0.021325
0.011482
0.002406
-0.00592
-0.01352
-0.02044
-0.02669
-0.03232
-0.03735
-0.04184
-0.04582
-0.04932
-0.05239
-0.05506
-0.05736
-0.05934
-0.06102
-0.06244
-0.06363
-0.0646
-0.06539
-0.06602
-0.06651
-0.06687
-0.06713
-0.0673
-0.06738
-0.0674
-0.06737
-0.06729
-0.06716
-0.06701
-0.06682
-0.06662
-0.06639
-0.06615
-0.0659
-0.0656
-0.0653
-0.065
-0.0647
-0.0644
-0.06411
-0.06382
-0.06354
-0.06325
-0.06297
-0.0627
-0.06242
-0.06215
-0.06189
-0.06162
-0.06136
-0.0611
-0.06085
-0.06059
-0.06034
-0.0601
-0.05985
-0.05961
-0.05937
-0.05914
-0.0589
-0.05867
-0.05844
-0.05822
-0.058
-0.05778
-0.05756
-0.05734
-0.05713
-0.05692
-0.05671
-0.05651
-0.0563
-0.0561
-0.0559
-0.0557
-0.0555
-0.05531
-0.05511
-0.05491
-0.0547
-0.05449
-0.05427
-0.05403
-0.05377
-0.05348
-0.05315
-0.05277
-0.05231
-0.05176
-0.05108
-0.05026
-0.04924
-0.04798
-0.04643
-0.04452
-0.04218
-0.03934
-0.03591
-0.03181
-0.02695
-0.02122
-0.01456
-0.00687
0.001892
0.011789
0.022835
0.035023
0.048311
0.062617
0.077822
0.093759
0.110223
0.126968
0.143711
0.160142
0.175931
0.190737
0.20422
0.216057
0.225948
0.233635
0.238907
0.241612
0.241663
0.239043
0.233804
0.226066
0.216012
0.203881
0.189955
0.174553
0.158014
0.140686
0.122914
0.105028
0.087334
0.070103
0.05357
0.037923
0.023298
0.009775
-0.00263
-0.014
-0.02454
-0.03459
-0.04472
-0.05569
-0.06847
-0.08407
-0.10337
-0.12673
-0.15367
-0.1825
-0.21021
-0.23253
-0.2443
-0.23991
-0.21388
-0.1613
-0.07838
0.036857
0.183517
0.356567
0.545772
0.735487
0.905946
1.0362
1.108209
1.110891
1.041802
0.909431
0.731076
0.528205
0.322042
0.130226
-0.0348
-0.16583
-0.26008
-0.31812
-0.34319
-0.34056
-0.31703
-0.28013
-0.23716
-0.19427
-0.15581
-0.12412
-0.09976
-0.08202
-0.06953
-0.06076
-0.05434
-0.0492
-0.0446
-0.04006
-0.03529
-0.03013
-0.02447
-0.01825
-0.01143
-0.00396
0.004167
0.012993
0.022527
0.032781
0.043757
0.055451
0.067851
0.080933
0.094665
0.109004
0.123895
0.139273
0.155063
0.171175
0.187515
0.203973
0.220434
0.236776
0.252866
0.268573
0.283756
0.298279
0.312002
0.324791
0.336516
0.347053
0.35629
0.364122
0.370461
0.375229
0.378368
0.379834
0.379601
0.377663
0.37403
0.368731
0.361814
0.353342
0.343395
0.332066
0.319464
0.305706
0.29092
0.27524
0.258805
0.241759
0.224244
0.206404
0.188375
0.170294
0.152287
0.134473
0.116964
0.09986
0.08325
0.067214
0.051817
0.037115
0.023152
0.00996
-0.00243
-0.01402
-0.02481
-0.03479
-0.04397
-0.05239
-0.06006
-0.06701
-0.07328
-0.07891
-0.08392
-0.08837
-0.09228
-0.09571
-0.09869
-0.10126
-0.10346
-0.10532
-0.10688
-0.10817
-0.10922
-0.11006
-0.1107
-0.11118
-0.11152
-0.11174
-0.11184
-0.11185
-0.11178
-0.11164
-0.11145
-0.1112
-0.11091
-0.11059
-0.11024
-0.10987
-0.10947
-0.10906
-0.10863
-0.10814
-0.10766
-0.10718
-0.1067
-0.10622
-0.10573
-0.10525
-0.10477
-0.10428
-0.1038
-0.10331
-0.10283
-0.10234
-0.10186
-0.10137
-0.10089
-0.1004
-0.09991
-0.09942
-0.09893
-0.09845
-0.09796
-0.09747
-0.09698
-0.09649
-0.09599
-0.0955
-0.09501
-0.09452
-0.09402
-0.09353
-0.09304
-0.09254
-0.09204
-0.09155
-0.09105
-0.09055
-0.09005
-0.08955
-0.08905
-0.08854
-0.08804
-0.08752
-0.087
-0.08648
-0.08594
-0.08538
-0.0848
-0.0842
-0.08355
-0.08285
-0.08207
-0.08121
-0.08023
-0.07909
-0.07777
-0.0762
-0.07435
-0.07214
-0.0695
-0.06635
-0.0626
-0.05817
-0.05296
-0.04687
-0.03981
-0.03171
-0.0225
-0.01213
-0.00058
0.012139
0.025977
0.040843
0.056603
0.073077
0.090041
0.107228
0.124335
0.141031
0.156966
0.171783
0.185132
0.196682
0.206135
0.21324
0.217802
0.219693
0.218856
0.215309
0.209143
0.20052
0.189665
0.176857
0.162413
0.146682
0.130026
0.112807
0.095376
0.078061
0.061155
0.044912
0.02954
0.015192
0.001962
-0.01012
-0.02114
-0.03127
-0.04088
-0.05054
-0.06103
-0.07337
-0.08862
-0.10768
-0.13089
-0.15765
-0.18607
-0.21283
-0.23331
-0.24202
-0.23307
-0.20083
-0.14038
-0.04816
0.077183
0.233563
0.41407
0.606033
0.791296
0.948295
1.055861
1.09783
1.064679
0.959553
0.797784
0.601637
0.394948
0.198529
0.027567
-0.10887
-0.20698
-0.26702
-0.29234
-0.2887
-0.26357
-0.22521
-0.18153
-0.13896
-0.1018
-0.07205
-0.04983
-0.03403
-0.02304
-0.01521
-0.0092
-0.00405
0.000869
0.005949
0.011404
0.01736
0.023895
0.03106
0.038895
0.047432
0.056696
0.066705
0.077471
0.088996
0.101275
0.114289
0.128013
0.142406
0.157416
0.17298
0.18902
0.205447
0.222158
0.23904
0.255968
0.272811
0.289426
0.305666
0.321382
0.336421
0.35063
0.363862
0.375973
0.38683
0.396308
0.404296
0.410699
0.415438
0.418452
0.419701
0.419164
0.416843
0.41276
0.406956
0.399494
0.390457
0.379941
0.368061
0.354944
0.340728
0.32556
0.309592
0.292981
0.275884
0.258457
0.240851
0.223212
0.205679
0.188381
0.171434
0.154946
0.139009
0.123704
0.109098
0.095245
0.082186
0.069948
0.058549
0.047995
0.038282
0.029396
0.021318
0.014021
0.007472
0.001635
-0.00353
-0.00806
-0.01201
-0.01542
-0.01834
-0.02079
-0.02284
-0.02451
-0.02585
-0.0269
-0.02768
-0.02823
-0.02857
-0.02873
-0.02875
-0.02862
-0.02839
-0.02805
-0.02764
-0.02715
-0.0266
-0.02601
-0.02537
-0.0247
-0.024
-0.02328
-0.02254
-0.02178
-0.02098
-0.02016
-0.01935
-0.01854
-0.01773
-0.01692
-0.01611
-0.0153
-0.01449
-0.01369
-0.01289
-0.01208
-0.01128
-0.01048
-0.00969
-0.00889
-0.00809
-0.0073
-0.00651
-0.00572
-0.00493
-0.00414
-0.00335
-0.00256
-0.00178
-0.001
-0.00021
0.000562
0.001341
0.002118
0.002894
0.003668
0.004442
0.005213
0.005984
0.006753
0.007522
0.00829
0.009057
0.009826
0.010596
0.011369
0.012147
0.012934
0.013733
0.01455
0.015393
0.016273
0.017202
0.018198
0.019284
0.020489
0.021846
0.0234
0.025202
0.027313
0.029803
0.032753
0.036252
0.040396
0.045288
0.051033
0.057732
0.06548
0.07436
0.084434
0.095736
0.10827
0.121996
0.136828
0.152632
0.16922
0.186352
0.203741
0.221056
0.237934
0.25399
0.268833
0.282079
0.293371
0.302394
0.308886
0.312657
0.313594
0.311669
0.30694
0.299546
0.289707
0.277704
0.263874
0.248591
0.232248
0.215246
0.19797
0.180784
0.164012
0.147934
0.132773
0.118694
0.10579
0.09407
0.083429
0.073611
0.064151
0.054331
0.043173
0.02952
0.012259
-0.00929
-0.03494
-0.0631
-0.09058
-0.11263
-0.12337
-0.11637
-0.08539
-0.02497
0.068772
0.197193
0.357552
0.541413
0.733668
0.913257
1.056196
1.140563
1.151954
1.087756
0.957245
0.778948
0.576073
0.371385
0.183424
0.024822
-0.09756
-0.18158
-0.22868
-0.24306
-0.23107
-0.20044
-0.15935
-0.11521
-0.07376
-0.03852
-0.01085
0.009565
0.02403
0.034189
0.041589
0.04746
0.052665
0.057754
0.063056
0.068763
0.074983
0.081785
0.089219
0.09732
0.10612
0.11564
0.125899
0.136905
0.148661
0.161158
0.174379
0.188294
0.202863
0.218034
0.23374
0.249906
0.266441
0.283243
0.3002
0.317188
0.334075
0.350723
0.366985
0.382714
0.397759
0.411971
0.425204
0.437316
0.448177
0.457664
0.465667
0.472093
0.476864
0.47992
0.481221
0.480746
0.478495
0.474489
0.468769
0.461396
0.452448
0.442021
0.430227
0.417189
0.403043
0.387932
0.372007
0.355422
0.33833
0.320887
0.303241
0.285539
0.267918
0.250505
0.233419
0.216767
0.200643
0.185129
0.170293
0.156191
0.142866
0.130348
0.118657
0.1078
0.097776
0.088575
0.080179
0.072561
0.065693
0.059538
0.054058
0.049211
0.044957
0.04125
0.038047
0.035306
0.032984
0.03104
0.029438
0.028139
0.027111
0.026321
0.02574
0.025343
0.025104
0.025002
0.025018
0.025134
0.025335
0.025607
0.02594
0.026322
0.026745
0.027202
0.027685
0.02819
0.028712
0.029247
0.029801
0.030397
0.030989
0.031576
0.032159
0.032738
0.033312
0.033882
0.034447
0.035008
0.035565
0.036117
0.036665
0.037209
0.037748
0.038283
0.038813
0.039339
0.039861
0.040378
0.040891
0.0414
0.041904
0.042405
0.0429
0.043392
0.043879
0.044362
0.044841
0.045315
0.045785
0.046251
0.046713
0.04717
0.047624
0.048073
0.048519
0.048961
0.0494
0.049837
0.050271
0.050705
0.051139
0.051577
0.052021
0.052476
0.052947
0.053443
0.053974
0.054554
0.055201
0.055938
0.056794
0.057805
0.059012
0.06047
0.062237
0.064386
0.066995
0.070153
0.073957
0.078506
0.083904
0.090252
0.097642
0.106154
0.115851
0.126765
0.138899
0.152214
0.166625
0.182001
0.198158
0.214861
0.231827
0.248733
0.265222
0.280916
0.295429
0.308382
0.319421
0.32823
0.334548
0.338178
0.339001
0.336981
0.332163
0.324675
0.314724
0.302578
0.288563
0.273042
0.256402
0.239035
0.221327
0.203641
0.186304
0.169601
0.153766
0.138973
0.125331
0.112871
0.101518
0.091062
0.081101
0.070997
0.059851
0.046555
0.029971
0.009249
-0.01571
-0.04383
-0.07245
-0.09736
-0.11305
-0.11331
-0.09185
-0.04295
0.037879
0.153022
0.301467
0.477197
0.667889
0.854862
1.015126
1.125576
1.168338
1.136315
1.033751
0.874864
0.680572
0.473644
0.274398
0.098112
-0.04565
-0.15241
-0.22169
-0.25602
-0.26032
-0.24133
-0.20677
-0.16442
-0.12101
-0.08149
-0.04862
-0.02325
-0.00477
0.008191
0.017247
0.02384
0.029093
0.033788
0.038421
0.04329
0.048567
0.054354
0.060716
0.067698
0.075337
0.083659
0.09269
0.102444
0.112931
0.124154
0.136105
0.148767
0.162115
0.17611
0.190704
0.205834
0.22143
0.237406
0.253668
0.270107
0.286608
0.303046
0.319288
0.335196
0.350627
0.365436
0.379479
0.392614
0.404702
0.415612
0.425223
0.433423
0.440116
0.445217
0.44866
0.450398
0.450399
0.448654
0.445172
0.439979
0.433125
0.424674
0.414709
0.403327
0.390641
0.376773
0.361857
0.346034
0.329449
0.312253
0.294593
0.276619
0.258474
0.240297
0.22222
0.204365
0.186845
0.169761
0.153205
0.137253
0.121972
0.107414
0.093621
0.080623
0.068438
0.057074
0.046531
0.036799
0.027861
0.019693
0.012267
0.005549
-0.00049
-0.00591
-0.01073
-0.01501
-0.01877
-0.02207
-0.02495
-0.02744
-0.02959
-0.03142
-0.03297
-0.03428
-0.03537
-0.03627
-0.037
-0.03759
-0.03805
-0.0384
-0.03866
-0.03885
-0.03896
-0.03903
-0.03904
-0.03902
-0.03897
-0.03888
-0.03878
-0.03867
-0.03853
-0.03839
-0.03819
-0.03801
-0.03782
-0.03764
-0.03746
-0.03728
-0.03711
-0.03694
-0.03677
-0.0366
-0.03644
-0.03628
-0.03612
-0.03596
-0.03581
-0.03566
-0.03551
-0.03536
-0.03522
-0.03507
-0.03493
-0.0348
-0.03466
-0.03453
-0.0344
-0.03427
-0.03415
-0.03402
-0.0339
-0.03378
-0.03366
-0.03355
-0.03343
-0.03332
-0.03321
-0.0331
-0.033
-0.03289
-0.03279
-0.03268
-0.03258
-0.03247
-0.03235
-0.03223
-0.0321
-0.03196
-0.03179
-0.03159
-0.03135
-0.03105
-0.03067
-0.0302
-0.02959
-0.02881
-0.02782
-0.02656
-0.02498
-0.023
-0.02054
-0.01751
-0.01383
-0.00938
-0.00408
0.002163
0.009456
0.017864
0.027443
0.038222
0.0502
0.063334
0.077541
0.092691
0.108604
0.125052
0.141763
0.158426
0.174696
0.190209
0.204594
0.217483
0.228532
0.23743
0.243917
0.247793
0.24893
0.247277
0.242861
0.23579
0.226243
0.214466
0.200759
0.185464
0.168949
0.151592
0.133769
0.115841
0.098138
0.080952
0.064531
0.049069
0.0347
0.021493
0.009429
-0.00162
-0.01194
-0.02202
-0.03259
-0.0446
-0.05917
-0.07734
-0.09971
-0.12604
-0.1548
-0.18295
-0.20601
-0.21841
-0.21407
-0.18699
-0.13187
-0.04471
0.076269
0.229386
0.407954
0.599195
0.784425
0.941213
1.047462
1.086426
1.049641
0.94124
0.776991
0.579395
0.372296
0.176332
0.00643
-0.1286
-0.22519
-0.28377
-0.30784
-0.30328
-0.27766
-0.23927
-0.19597
-0.15411
-0.11785
-0.08906
-0.06777
-0.05282
-0.04256
-0.03537
-0.02994
-0.0253
-0.02086
-0.01624
-0.01124
-0.00573
0.000363
0.007093
0.014496
0.022604
0.03144
0.041024
0.051365
0.062467
0.074321
0.086911
0.100207
0.114169
0.128744
0.143866
0.159458
0.175427
0.191671
0.208074
0.224512
0.24085
0.256946
0.272652
0.287818
0.302289
0.315915
0.328547
0.340042
0.350268
0.359101
0.366431
0.372164
0.376224
0.378551
0.379108
0.377877
0.374861
0.370085
0.363593
0.355451
0.345742
0.334567
0.322042
0.308296
0.293469
0.277708
0.261167
0.244004
0.226375
0.208436
0.190339
0.17223
0.154245
0.136513
0.11915
0.102259
0.085935
0.070254
0.055282
0.041072
0.027662
0.015079
0.003338
-0.00755
-0.0176
-0.02683
-0.03525
-0.04289
-0.04979
-0.05598
-0.0615
-0.0664
-0.07072
-0.0745
-0.07779
-0.08063
-0.08307
-0.08513
-0.08687
-0.08832
-0.08951
-0.09046
-0.09122
-0.0918
-0.09223
-0.09253
-0.09271
-0.0928
-0.09281
-0.09274
-0.09262
-0.09245
-0.09223
-0.09199
-0.09171
-0.09141
-0.09109
-0.09076
-0.09037
-0.08998
-0.08958
-0.08919
-0.08879
-0.08839
-0.08799
-0.08759
-0.08719
-0.08679
-0.08639
-0.08599
-0.08559
-0.08519
-0.08479
-0.08438
-0.08398
-0.08357
-0.08317
-0.08276
-0.08235
-0.08195
-0.08154
-0.08113
-0.08072
-0.08031
-0.0799
-0.07948
-0.07907
-0.07866
-0.07824
-0.07783
-0.07741
-0.07699
-0.07657
-0.07615
-0.07573
-0.07531
-0.07489
-0.07446
-0.07402
-0.07358
-0.07314
-0.07268
-0.0722
-0.07171
-0.07118
-0.07061
-0.06998
-0.06928
-0.06848
-0.06755
-0.06645
-0.06514
-0.06357
-0.06167
-0.05936
-0.05657
-0.0532
-0.04916
-0.04433
-0.03863
-0.03193
-0.02417
-0.01524
-0.00511
0.006263
0.018864
0.032643
0.0475
0.063287
0.079798
0.096782
0.113936
0.130919
0.147359
0.162867
0.177051
0.189533
0.199966
0.208046
0.213533
0.216256
0.216128
0.213146
0.207392
0.199031
0.188303
0.175507
0.160996
0.14515
0.128369
0.11105
0.093576
0.076299
0.059531
0.043536
0.028521
0.01463
0.001931
-0.00959
-0.0201
-0.02991
-0.03955
-0.04984
-0.06182
-0.07668
-0.09544
-0.11855
-0.14541
-0.17391
-0.20033
-0.21947
-0.22516
-0.21096
-0.17081
-0.09967
0.005654
0.145314
0.314807
0.503452
0.693884
0.86353
0.988434
1.048629
1.032306
0.940596
0.787452
0.595186
0.388727
0.190391
0.016731
-0.12223
-0.22218
-0.2832
-0.3087
-0.30466
-0.27889
-0.24
-0.19618
-0.15398
-0.11762
-0.08893
-0.06782
-0.05299
-0.04273
-0.03537
-0.02961
-0.02453
-0.01954
-0.01432
-0.00866
-0.00246
0.004344
0.011817
0.019989
0.028889
0.038542
0.048963
0.06016
0.072131
0.084864
0.098335
0.11251
0.127339
0.142761
0.1587
0.175067
0.19176
0.208663
0.225652
0.242589
0.259328
0.275719
0.291604
0.306824
0.321221
0.33464
0.34693
0.357951
0.367572
0.375676
0.382164
0.386952
0.389978
0.3912
0.390598
0.388175
0.383954
0.377984
0.370332
0.361084
0.350348
0.338244
0.324908
0.310486
0.295133
0.279009
0.262279
0.245105
0.227648
0.210066
0.192507
0.175112
0.158009
0.141317
0.125139
0.109567
0.094677
0.080532
0.06718
0.054655
0.042981
0.032167
0.022214
0.01311
0.004837
-0.00263
-0.00932
-0.01528
-0.02055
-0.02517
-0.02918
-0.03263
-0.03556
-0.03803
-0.04008
-0.04174
-0.04306
-0.04408
-0.04483
-0.04534
-0.04564
-0.04576
-0.04573
-0.04557
-0.04528
-0.04491
-0.04445
-0.04391
-0.04333
-0.04269
-0.04201
-0.0413
-0.04057
-0.03981
-0.03903
-0.03824
-0.0374
-0.03656
-0.03571
-0.03487
-0.03403
-0.03319
-0.03235
-0.03151
-0.03067
-0.02983
-0.029
-0.02816
-0.02733
-0.0265
-0.02567
-0.02484
-0.02401
-0.02319
-0.02236
-0.02154
-0.02072
-0.01989
-0.01907
-0.01825
-0.01744
-0.01662
-0.01581
-0.01499
-0.01418
-0.01337
-0.01256
-0.01175
-0.01094
-0.01014
-0.00933
-0.00853
-0.00773
-0.00692
-0.00612
-0.00531
-0.0045
-0.00368
-0.00286
-0.00201
-0.00115
-0.00026
0.000668
0.001659
0.002727
0.003898
0.005206
0.006689
0.008397
0.010389
0.012734
0.01551
0.018806
0.022722
0.02736
0.03283
0.039239
0.04669
0.055274
0.065062
0.0761
0.088399
0.101929
0.116611
0.132314
0.148853
0.165985
0.183416
0.200806
0.217777
0.233931
0.248858
0.262159
0.27346
0.282435
0.288813
0.292401
0.293089
0.290857
0.285776
0.278006
0.267785
0.255422
0.241275
0.225741
0.209233
0.192167
0.174939
0.157916
0.141421
0.125726
0.11104
0.097507
0.085189
0.074046
0.0639
0.054384
0.044883
0.0345
0.022091
0.006442
-0.0134
-0.03763
-0.06517
-0.09326
-0.11746
-0.13189
-0.12996
-0.10504
-0.0512
0.036042
0.158706
0.314769
0.4964
0.688733
0.87037
1.016402
1.103685
1.116787
1.053954
0.924843
0.747655
0.545326
0.340489
0.1517
-0.00828
-0.13242
-0.2184
-0.26746
-0.28364
-0.27308
-0.2434
-0.20268
-0.15839
-0.11637
-0.0803
-0.05172
-0.03045
-0.01526
-0.00455
0.003255
0.009412
0.014816
0.020049
0.02546
0.031251
0.037541
0.044402
0.051884
0.060025
0.068855
0.078399
0.088675
0.099694
0.111458
0.123962
0.13719
0.151115
0.165699
0.180893
0.196635
0.212851
0.229455
0.246348
0.263421
0.280554
0.29762
0.31448
0.330994
0.347013
0.362391
0.376977
0.390628
0.403201
0.414563
0.424591
0.433172
0.440209
0.44562
0.449339
0.451322
0.451541
0.449991
0.446685
0.441658
0.434963
0.426672
0.416876
0.405678
0.393198
0.379567
0.364923
0.349413
0.33319
0.316405
0.299212
0.281761
0.264199
0.246663
0.229286
0.212189
0.195481
0.179262
0.163617
0.148619
0.13433
0.120797
0.108056
0.096131
0.085033
0.074767
0.065325
0.056692
0.048848
0.041763
0.035405
0.029739
0.024722
0.020316
0.016475
0.013158
0.010322
0.007923
0.005922
0.004279
0.002957
0.001922
0.00114
0.000581
0.000219
0.000027
-0.00001
0.000065
0.000257
0.000541
0.000904
0.001333
0.001817
0.002346
0.002913
0.003509
0.004131
0.004771
0.005426
0.006093
0.006776
0.007498
0.008215
0.008927
0.009635
0.010338
0.011036
0.01173
0.012419
0.013103
0.013783
0.014458
0.015129
0.015795
0.016456
0.017113
0.017765
0.018412
0.019055
0.019693
0.020327
0.020956
0.02158
0.0222
0.022815
0.023426
0.024032
0.024634
0.025231
0.025824
0.026412
0.026995
0.027575
0.028149
0.02872
0.029286
0.029848
0.030407
0.030962
0.031514
0.032064
0.032614
0.033164
0.033718
0.034278
0.034849
0.035438
0.036052
0.036703
0.037405
0.038176
0.03904
0.040026
0.04117
0.042516
0.044117
0.046033
0.048336
0.051106
0.054431
0.058407
0.063133
0.068712
0.075242
0.082816
0.091512
0.101389
0.112478
0.124779
0.138252
0.152811
0.168323
0.184605
0.201422
0.218494
0.235498
0.252081
0.267869
0.282479
0.295536
0.306689
0.315625
0.322085
0.325872
0.326868
0.325033
0.320411
0.313126
0.303377
0.291431
0.277607
0.262262
0.245778
0.228546
0.210947
0.193343
0.176062
0.159389
0.143561
0.128756
0.11509
0.1026
0.091226
0.080777
0.070881
0.060937
0.050085
0.037249
0.021289
0.001299
-0.02296
-0.05062
-0.07931
-0.10509
-0.1227
-0.12603
-0.10883
-0.06529
0.009303
0.117814
0.260008
0.431042
0.620042
0.809734
0.977969
1.101446
1.160843
1.147481
1.063072
0.918798
0.733268
0.528215
0.324242
0.137858
-0.01973
-0.1424
-0.2282
-0.27834
-0.29655
-0.28846
-0.2611
-0.22201
-0.1783
-0.13578
-0.09834
-0.06793
-0.04477
-0.02798
-0.01612
-0.00768
-0.00135
0.003879
0.008681
0.013488
0.018558
0.024044
0.030036
0.036593
0.043758
0.051565
0.060041
0.069207
0.079078
0.089665
0.10097
0.112985
0.125697
0.139081
0.153103
0.167717
0.182867
0.198487
0.214497
0.23081
0.247326
0.263936
0.280524
0.296965
0.313129
0.32888
0.344082
0.358594
0.372281
0.385008
0.396647
0.407076
0.416183
0.423867
0.430041
0.434632
0.437583
0.438853
0.43842
0.43628
0.432446
0.42695
0.419842
0.411187
0.401068
0.389581
0.376835
0.362948
0.348049
0.332273
0.31576
0.298653
0.281094
0.263225
0.245184
0.227104
0.209111
0.191323
0.17385
0.15679
0.140231
0.12425
0.108911
0.094269
0.080367
0.067234
0.054892
0.043353
0.032617
0.022679
0.013524
0.005134
-0.00251
-0.00946
-0.01573
-0.02136
-0.02639
-0.03086
-0.03482
-0.03829
-0.04132
-0.04396
-0.04623
-0.04817
-0.04981
-0.0512
-0.05235
-0.05329
-0.05405
-0.05465
-0.05512
-0.05546
-0.0557
-0.05586
-0.05594
-0.05595
-0.05591
-0.05583
-0.05571
-0.05556
-0.05538
-0.05519
-0.05497
-0.05475
-0.05451
-0.05422
-0.05394
-0.05366
-0.05338
-0.05311
-0.05284
-0.05258
-0.05231
-0.05205
-0.0518
-0.05154
-0.05129
-0.05105
-0.0508
-0.05056
-0.05032
-0.05009
-0.04985
-0.04963
-0.0494
-0.04918
-0.04895
-0.04874
-0.04852
-0.04831
-0.0481
-0.04789
-0.04769
-0.04749
-0.04729
-0.04709
-0.0469
-0.04671
-0.04652
-0.04633
-0.04615
-0.04597
-0.04579
-0.04561
-0.04543
-0.04525
-0.04508
-0.0449
-0.04472
-0.04453
-0.04433
-0.04412
-0.04389
-0.04364
-0.04334
-0.043
-0.04258
-0.04208
-0.04146
-0.04069
-0.03973
-0.03854
-0.03705
-0.03521
-0.03294
-0.03017
-0.0268
-0.02275
-0.01792
-0.01222
-0.00555
0.002159
0.010979
0.020955
0.032107
0.044421
0.057851
0.072305
0.087649
0.103704
0.120245
0.137007
0.153688
0.169956
0.185463
0.199854
0.212777
0.223904
0.232936
0.239623
0.24377
0.245247
0.243997
0.240038
0.233458
0.22442
0.213146
0.199912
0.185037
0.168867
0.151762
0.134086
0.116188
0.098395
0.081002
0.064264
0.048389
0.033531
0.019787
0.007182
-0.00434
-0.01499
-0.02509
-0.03522
-0.04616
-0.0589
-0.0745
-0.09388
-0.11741
-0.14454
-0.17344
-0.20087
-0.22227
-0.23218
-0.22474
-0.1943
-0.13591
-0.04592
0.077153
0.231453
0.410379
0.601618
0.787328
0.946099
1.05666
1.102453
1.075287
0.977952
0.823525
0.631883
0.425158
0.223558
0.042689
-0.10731
-0.22134
-0.29825
-0.33999
-0.35087
-0.33707
-0.30593
-0.2651
-0.22149
-0.18045
-0.14533
-0.1175
-0.09679
-0.08205
-0.07175
-0.06441
-0.05879
-0.054
-0.04945
-0.04478
-0.03978
-0.03431
-0.0283
-0.0217
-0.01446
-0.00657
0.002011
0.011302
0.021314
0.032052
0.043515
0.055694
0.068569
0.082109
0.096276
0.111018
0.126272
0.141964
0.158011
0.174315
0.190773
0.207268
0.223678
0.239873
0.255717
0.271072
0.285798
0.299755
0.312804
0.324813
0.335655
0.345213
0.353379
0.36006
0.365176
0.368663
0.370472
0.370576
0.368964
0.365642
0.360638
0.353996
0.345777
0.336061
0.324939
0.31252
0.298921
0.28427
0.268702
0.252359
0.235384
0.217922
0.200118
0.182112
0.164042
0.146036
0.128216
0.110695
0.093575
0.076948
0.060894
0.04548
0.030763
0.016789
0.003589
-0.00881
-0.0204
-0.03118
-0.04115
-0.05032
-0.05872
-0.06637
-0.0733
-0.07954
-0.08513
-0.09012
-0.09453
-0.09842
-0.10181
-0.10476
-0.1073
-0.10947
-0.1113
-0.11283
-0.1141
-0.11512
-0.11594
-0.11657
-0.11703
-0.11735
-0.11755
-0.11765
-0.11765
-0.11757
-0.11743
-0.11723
-0.11698
-0.11669
-0.11637
-0.11602
-0.11564
-0.11525
-0.11484
-0.11441
-0.11393
-0.11346
-0.11298
-0.11251
-0.11203
-0.11156
-0.11108
-0.11061
-0.11013
-0.10965
-0.10918
-0.1087
-0.10822
-0.10774
-0.10727
-0.10679
-0.10631
-0.10583
-0.10535
-0.10487
-0.10439
-0.10391
-0.10343
-0.10295
-0.10247
-0.10199
-0.10151
-0.10102
-0.10054
-0.10006
-0.09957
-0.09909
-0.0986
-0.09812
-0.09763
-0.09715
-0.09666
-0.09617
-0.09568
-0.09519
-0.09469
-0.09419
-0.09369
-0.09318
-0.09265
-0.09212
-0.09156
-0.09098
-0.09037
-0.08971
-0.08898
-0.08817
-0.08726
-0.08621
-0.08498
-0.08354
-0.08182
-0.07978
-0.07733
-0.07441
-0.07092
-0.06678
-0.06188
-0.05614
-0.04946
-0.04176
-0.03296
-0.02301
-0.01187
0.000447
0.013913
0.028449
0.043933
0.060198
0.077029
0.09417
0.111324
0.128163
0.144337
0.159485
0.17325
0.185289
0.195292
0.202991
0.208174
0.210693
0.210473
0.207516
0.201897
0.193766
0.183337
0.170881
0.156715
0.141186
0.124659
0.107502
0.090073
0.072707
0.055709
0.039343
0.023825
0.009319
-0.00407
-0.0163
-0.02745
-0.03768
-0.04734
-0.05697
-0.06737
-0.07953
-0.09453
-0.1133
-0.13626
-0.16286
-0.19128
-0.21823
-0.23909
-0.24832
-0.23998
-0.20834
-0.14839
-0.05651
0.068699
0.22514
0.405801
0.597799
0.782683
0.938588
1.044161
1.083291
1.048699
0.944411
0.784721
0.590355
0.383751
0.184898
0.00884
-0.13497
-0.24208
-0.31194
-0.34698
-0.35199
-0.33354
-0.29922
-0.25672
-0.21278
-0.1724
-0.13849
-0.11201
-0.09246
-0.07855
-0.06868
-0.06141
-0.05559
-0.0504
-0.04533
-0.04005
-0.03438
-0.02821
-0.02148
-0.01414
-0.00615
0.00252
0.011893
0.021985
0.032807
0.044362
0.056646
0.069645
0.083335
0.097681
0.112638
0.128149
0.144145
0.160547
0.177263
0.19419
0.211218
0.228226
0.245083
0.261657
0.277807
0.293391
0.308267
0.322294
0.335332
0.347251
0.357928
0.367247
0.375108
0.381423
0.38612
0.389144
0.390458
0.390043
0.3879
0.384049
0.378528
0.371394
0.362719
0.352595
0.341124
0.328424
0.314621
0.29985
0.284254
0.267977
0.251167
0.233971
0.216533
0.198994
0.181486
0.164135
0.147058
0.130362
0.114142
0.098482
0.083453
0.069115
0.055516
0.042692
0.030668
0.019459
0.009068
-0.0005
-0.00928
-0.01727
-0.0245
-0.03101
-0.03682
-0.04197
-0.04651
-0.05046
-0.05389
-0.05682
-0.0593
-0.06136
-0.06305
-0.06441
-0.06546
-0.06623
-0.06677
-0.0671
-0.06724
-0.06722
-0.06706
-0.06678
-0.06639
-0.06591
-0.06535
-0.06473
-0.06405
-0.06332
-0.06256
-0.06177
-0.06095
-0.06011
-0.05925
-0.05837
-0.05748
-0.05654
-0.05561
-0.05468
-0.05375
-0.05282
-0.0519
-0.05097
-0.05005
-0.04912
-0.0482
-0.04729
-0.04637
-0.04545
-0.04454
-0.04363
-0.04272
-0.04181
-0.0409
-0.03999
-0.03909
-0.03819
-0.03729
-0.03639
-0.03549
-0.03459
-0.0337
-0.03281
-0.03192
-0.03103
-0.03014
-0.02926
-0.02837
-0.02749
-0.02661
-0.02573
-0.02485
-0.02398
-0.0231
-0.02223
-0.02135
-0.02048
-0.0196
-0.01872
-0.01783
-0.01694
-0.01602
-0.01509
-0.01413
-0.01314
-0.01209
-0.01096
-0.00975
-0.00842
-0.00692
-0.00524
-0.0033
-0.00106
0.001544
0.004602
0.008192
0.012402
0.01733
0.023072
0.029725
0.03738
0.046114
0.055992
0.067053
0.079307
0.09273
0.107257
0.122778
0.139138
0.156132
0.173511
0.190984
0.208225
0.224882
0.240593
0.25499
0.267721
0.278463
0.286931
0.2929
0.296204
0.296753
0.294534
0.289611
0.282123
0.272278
0.260344
0.246636
0.231504
0.215315
0.198446
0.18126
0.164103
0.147286
0.131081
0.115713
0.101352
0.088108
0.076021
0.065036
0.054979
0.045508
0.036071
0.025871
0.0139
-0.00094
-0.0196
-0.04248
-0.069
-0.09727
-0.12388
-0.14409
-0.15222
-0.14225
-0.10838
-0.04562
0.049554
0.178297
0.338016
0.520958
0.713315
0.895741
1.045835
1.14238
1.170207
1.124726
1.011997
0.847025
0.650417
0.443903
0.246537
0.072508
-0.06934
-0.17491
-0.24379
-0.27839
-0.28339
-0.26517
-0.23109
-0.18864
-0.14445
-0.10349
-0.06874
-0.04131
-0.02084
-0.0061